
"Tracker0001"
1
290
0 223.54825 224.42725 1.000000
1 209.68817 220.03854 1.000000
2 216.11456 268.9867 1.000000
3 206.45035 260.89795 1.000000
4 204.03328 260.67834 1.000000
5 214.22559 239.78336 1.000000
6 224.86862 255.53488 1.000000
7 220.24713 253.86932 1.000000
8 177.84842 239.96619 1.000000
9 218.51935 254.00449 1.000000
10 183.50851 239.94655 1.000000
11 209.59015 247.85971 1.000000
12 225.1155 262.1027 1.000000
13 218.5653 224.14185 1.000000
14 214.5549 225.97751 1.000000
15 224.84123 254.66757 1.000000
16 195.16629 227.0506 1.000000
17 184.36655 244.78702 1.000000
18 221.79443 227.8078 1.000000
19 218.85501 232.7767 1.000000
20 180.91785 243.7243 1.000000
21 227.63763 257.2752 1.000000
22 220.95729 254.15915 1.000000
23 195.8959 242.7185 1.000000
24 231.54526 246.90329 1.000000
25 213.3819 253.90698 1.000000
26 219.4056 228.60382 1.000000
27 216.56413 219.6806 1.000000
28 179.26886 240.02565 1.000000
29 203.62134 255.97372 1.000000
30 234.74936 227.99847 1.000000
31 197.14209 254.02853 1.000000
32 219.72226 253.9956 1.000000
33 218.51419 241.64706 1.000000
34 234.3728 232.22974 1.000000
35 210.00218 227.82263 1.000000
36 197.34763 230.84146 1.000000
37 224.71967 254.22235 1.000000
38 219.15245 238.06116 1.000000
39 211.09738 216.57443 1.000000
40 206.69487 257.17847 1.000000
41 220.38306 254.06622 1.000000
42 220.04608 254.00217 1.000000
43 211.23708 229.64255 1.000000
44 218.75896 253.24722 1.000000
45 200.38464 246.6908 1.000000
46 219.31342 254.1906 1.000000
47 222.55179 224.57764 1.000000
48 230.7377 225.91751 1.000000
49 238.7702 229.7414 1.000000
50 223.79562 223.92041 1.000000
51 217.40579 254.31198 1.000000
52 199.16867 243.55917 1.000000
53 206.01984 255.80777 1.000000
54 216.22995 254.0525 1.000000
55 221.11252 224.38748 1.000000
56 219.26541 254.03847 1.000000
57 228.15439 227.65564 1.000000
58 208.92264 259.6994 1.000000
59 187.5806 216.14093 1.000000
60 225.14148 254.00626 1.000000
61 215.59625 219.0652 1.000000
62 208.60622 221.78008 1.000000
63 218.96536 253.50261 1.000000
64 209.3184 260.30533 1.000000
65 210.61836 267.87692 1.000000
66 190.5028 237.63057 1.000000
67 216.86523 234.50473 1.000000
68 188.42072 246.75372 1.000000
69 208.45851 270.58255 1.000000
70 218.7322 234.13545 1.000000
71 213.9698 264.73917 1.000000
72 221.5151 221.61328 1.000000
73 219.80978 254.18767 1.000000
74 221.33792 221.71173 1.000000
75 208.65611 239.59343 1.000000
76 196.6955 245.9866 1.000000
77 235.48212 231.12473 1.000000
78 212.47473 218.45157 1.000000
79 175.3837 240.81476 1.000000
80 210.0227 260.8622 1.000000
81 186.36142 245.13614 1.000000
82 191.94322 240.03268 1.000000
83 209.65063 259.6244 1.000000
84 208.85303 258.76324 1.000000
85 208.3825 249.87396 1.000000
86 200.56146 246.74368 1.000000
87 192.80151 223.79227 1.000000
88 218.50261 237.34717 1.000000
89 220.6391 253.77335 1.000000
90 230.07826 229.42805 1.000000
91 218.19926 230.94833 1.000000
92 220.95349 221.67183 1.000000
93 207.41776 256.74432 1.000000
94 190.62979 240.81735 1.000000
95 217.00748 247.91861 1.000000
96 219.85501 253.89355 1.000000
97 228.03458 223.3795 1.000000
98 241.64174 229.22552 1.000000
99 225.94482 228.19263 1.000000
100 224.34421 226.7038 1.000000
101 207.91772 233.0734 1.000000
102 217.65572 269.1004 1.000000
103 209.86665 241.20975 1.000000
104 201.20381 247.68344 1.000000
105 241.6562 229.05185 1.000000
106 222.90591 253.74957 1.000000
107 198.93869 243.85681 1.000000
108 176.5784 239.76108 1.000000
109 219.77307 268.07782 1.000000
110 221.9898 254.06871 1.000000
111 212.41043 242.49701 1.000000
112 205.1721 260.3649 1.000000
113 209.05621 250.38016 1.000000
114 215.0743 253.992 1.000000
115 224.77858 254.36984 1.000000
116 223.24258 253.51144 1.000000
117 224.68823 255.68622 1.000000
118 226.85306 228.51617 1.000000
119 232.45213 222.62521 1.000000
120 221.88248 224.45454 1.000000
121 197.30846 246.07388 1.000000
122 178.04022 241.67093 1.000000
123 214.47958 267.34302 1.000000
124 207.68732 255.56702 1.000000
125 211.92062 231.2781 1.000000
126 225.04984 254.38574 1.000000
127 233.24887 224.95879 1.000000
128 212.8453 218.32825 1.000000
129 208.00598 254.31851 1.000000
130 219.3552 253.74852 1.000000
131 217.55984 251.1495 1.000000
132 199.1979 243.69327 1.000000
133 209.94098 223.2755 1.000000
134 204.92578 260.24805 1.000000
135 218.26619 252.28683 1.000000
136 222.04251 265.77972 1.000000
137 206.99335 253.14836 1.000000
138 218.96442 253.4338 1.000000
139 218.94052 230.11818 1.000000
140 183.93324 225.7298 1.000000
141 217.64182 249.75012 1.000000
142 220.26996 253.15909 1.000000
143 221.89809 253.45134 1.000000
144 186.43997 239.98465 1.000000
145 219.2569 254.15965 1.000000
146 220.57236 225.73294 1.000000
147 200.50816 255.99174 1.000000
148 218.29442 232.35358 1.000000
149 218.08493 243.77548 1.000000
150 185.1864 229.80313 1.000000
151 221.31989 223.14326 1.000000
152 219.83144 253.34512 1.000000
153 233.89743 223.95206 1.000000
154 212.06726 240.64194 1.000000
155 211.7355 264.51233 1.000000
156 199.55812 244.37927 1.000000
157 197.21349 243.30699 1.000000
158 234.6373 225.81631 1.000000
159 235.32329 232.00867 1.000000
160 206.42056 240.03748 1.000000
161 199.9879 246.46483 1.000000
162 224.32086 254.31828 1.000000
163 207.26306 258.0636 1.000000
164 199.29381 243.95308 1.000000
165 184.33667 216.26558 1.000000
166 209.9717 260.55078 1.000000
167 225.08507 230.78165 1.000000
168 233.77832 235.50726 1.000000
169 198.7178 243.77756 1.000000
170 222.95276 253.96223 1.000000
171 188.41861 234.89243 1.000000
172 220.19302 253.64209 1.000000
173 205.97733 269.38004 1.000000
174 204.74976 264.58228 1.000000
175 182.90945 244.84552 1.000000
176 218.71304 230.00455 1.000000
177 216.8938 245.3068 1.000000
178 183.2246 217.62454 1.000000
179 198.98055 246.55219 1.000000
180 227.91127 223.43665 1.000000
181 227.75429 231.22891 1.000000
182 202.9674 237.85977 1.000000
183 218.5645 221.64836 1.000000
184 192.13333 241.64688 1.000000
185 218.86401 239.43037 1.000000
186 211.77448 254.94495 1.000000
187 228.94092 252.22803 1.000000
188 208.76913 220.92409 1.000000
189 226.5678 230.97154 1.000000
190 218.83871 253.61798 1.000000
191 208.48964 221.18213 1.000000
192 182.35889 240.05186 1.000000
193 213.88054 219.46352 1.000000
194 199.93643 234.71829 1.000000
195 192.42148 249.5537 1.000000
196 210.89908 216.16206 1.000000
197 242.23962 228.92245 1.000000
198 175.52722 239.92969 1.000000
199 183.57059 219.50383 1.000000
200 192.9275 241.74304 1.000000
201 207.11841 260.59854 1.000000
202 211.72601 225.03262 1.000000
203 175.73373 240.9094 1.000000
204 208.89015 221.09174 1.000000
205 207.84679 258.44476 1.000000
206 222.90546 224.33655 1.000000
207 241.53714 229.17735 1.000000
208 219.27106 222.3884 1.000000
209 219.41182 253.79694 1.000000
210 218.73776 235.91428 1.000000
211 194.884 244.8688 1.000000
212 232.38916 241.0503 1.000000
213 214.4147 242.1758 1.000000
214 188.97386 218.06944 1.000000
215 209.3136 255.28297 1.000000
216 205.0799 260.14905 1.000000
217 217.77158 228.11267 1.000000
218 217.27821 255.19159 1.000000
219 225.30934 221.75278 1.000000
220 215.39912 239.55365 1.000000
221 210.55994 228.39249 1.000000
222 215.90837 260.2417 1.000000
223 190.98068 220.9463 1.000000
224 217.94592 220.70587 1.000000
225 221.15054 221.29349 1.000000
226 207.39305 256.4542 1.000000
227 209.48624 260.33087 1.000000
228 184.94534 239.75809 1.000000
229 198.64572 243.64413 1.000000
230 210.55109 245.22221 1.000000
231 208.15543 252.45352 1.000000
232 222.87276 235.53638 1.000000
233 209.62576 227.52274 1.000000
234 223.69986 229.67883 1.000000
235 217.88019 226.84679 1.000000
236 200.83318 247.42087 1.000000
237 211.70679 218.86185 1.000000
238 180.68933 240.12238 1.000000
239 213.10089 238.2027 1.000000
240 224.92923 253.96994 1.000000
241 198.14755 243.61063 1.000000
242 208.89824 229.53867 1.000000
243 205.68611 260.4776 1.000000
244 218.54117 254.30344 1.000000
245 210.31235 217.60278 1.000000
246 193.59015 242.70349 1.000000
247 194.51761 242.23798 1.000000
248 205.16156 259.95868 1.000000
249 208.03433 244.62488 1.000000
250 198.14343 246.04376 1.000000
251 232.67838 231.35547 1.000000
252 239.73402 228.85669 1.000000
253 224.22217 253.93683 1.000000
254 218.56317 268.94525 1.000000
255 212.69301 234.3376 1.000000
256 233.87994 225.24495 1.000000
257 223.54872 253.78424 1.000000
258 220.87485 224.42477 1.000000
259 187.15543 232.64929 1.000000
260 220.92972 225.23627 1.000000
261 214.57169 219.82547 1.000000
262 219.62946 222.6069 1.000000
263 214.59125 219.3693 1.000000
264 219.67075 223.78339 1.000000
265 207.99762 260.50656 1.000000
266 189.29187 240.59895 1.000000
267 218.90732 253.82097 1.000000
268 221.44919 224.02011 1.000000
269 198.68686 243.61703 1.000000
270 231.54312 224.37651 1.000000
271 209.77481 261.84845 1.000000
272 231.30136 230.12042 1.000000
273 218.53214 253.68912 1.000000
274 210.29344 260.33334 1.000000
275 220.5568 228.00613 1.000000
276 237.21555 230.96002 1.000000
277 215.44864 236.83809 1.000000
278 174.39133 239.60294 1.000000
279 217.53253 225.29802 1.000000
280 182.62946 221.91946 1.000000
281 220.64505 223.97983 1.000000
282 208.35838 260.47894 1.000000
283 200.97403 247.16364 1.000000
284 188.05598 240.53659 1.000000
285 175.0853 240.55757 1.000000
286 217.87204 251.33374 1.000000
287 186.11432 215.50368 1.000000
288 212.39182 226.06207 1.000000
289 199.58862 244.97281 1.000000
290 216.43167 247.00125 1.000000

"Tracker0002"
1
290
0 250.30115 226.46236 1.000000
1 235.87193 221.29823 1.000000
2 240.35785 272.1277 1.000000
3 230.91272 266.2957 1.000000
4 227.36612 265.73898 1.000000
5 239.27205 243.60779 1.000000
6 247.9982 257.6568 1.000000
7 245.74754 256.60657 1.000000
8 201.05806 245.55249 1.000000
9 243.87958 256.9193 1.000000
10 206.81055 244.2946 1.000000
11 235.3512 252.31256 1.000000
12 250.06793 264.8639 1.000000
13 245.68857 225.50691 1.000000
14 241.57278 226.46124 1.000000
15 249.86252 257.11304 1.000000
16 220.11346 232.43314 1.000000
17 209.15515 250.53766 1.000000
18 248.81549 228.89165 1.000000
19 242.6792 237.44266 1.000000
20 204.92813 249.51598 1.000000
21 253.44424 260.45056 1.000000
22 246.12112 256.81516 1.000000
23 220.08264 246.81091 1.000000
24 257.00885 249.46307 1.000000
25 238.9548 257.24533 1.000000
26 244.37297 231.84738 1.000000
27 242.81003 220.61143 1.000000
28 202.43231 245.28703 1.000000
29 229.17078 260.07083 1.000000
30 259.0247 230.28644 1.000000
31 221.22537 258.4331 1.000000
32 245.10028 256.98148 1.000000
33 243.06754 245.35876 1.000000
34 260.92285 232.92232 1.000000
35 234.7091 233.79373 1.000000
36 222.83278 235.91995 1.000000
37 250.04703 256.73364 1.000000
38 244.93866 242.14264 1.000000
39 237.77823 217.18388 1.000000
40 232.76901 262.47736 1.000000
41 245.82243 256.65762 1.000000
42 245.38934 256.49783 1.000000
43 235.7937 235.77858 1.000000
44 244.03946 256.38495 1.000000
45 225.80956 251.11102 1.000000
46 244.64828 256.75403 1.000000
47 248.31985 227.20447 1.000000
48 254.27184 229.26367 1.000000
49 262.70535 230.42572 1.000000
50 250.12985 226.34213 1.000000
51 242.47093 257.34616 1.000000
52 224.64815 248.06845 1.000000
53 231.71732 259.8592 1.000000
54 241.75336 257.33313 1.000000
55 246.6845 227.17786 1.000000
56 244.42946 256.92188 1.000000
57 254.48276 228.67152 1.000000
58 232.85648 263.26172 1.000000
59 211.71866 221.45471 1.000000
60 250.61987 256.29398 1.000000
61 241.88327 219.89586 1.000000
62 235.06769 222.48773 1.000000
63 244.31586 256.57657 1.000000
64 234.19261 265.6869 1.000000
65 234.64697 273.70627 1.000000
66 215.68134 243.69714 1.000000
67 241.6105 238.02084 1.000000
68 213.5025 252.10707 1.000000
69 231.81415 275.97794 1.000000
70 242.70348 238.72095 1.000000
71 238.18126 270.0257 1.000000
72 248.27684 223.57202 1.000000
73 245.22385 257.0903 1.000000
74 246.89206 224.38644 1.000000
75 233.5003 245.49518 1.000000
76 222.48053 251.38583 1.000000
77 260.30948 233.65735 1.000000
78 239.53783 219.33488 1.000000
79 199.12042 247.15741 1.000000
80 235.15906 266.20178 1.000000
81 211.44725 250.6583 1.000000
82 217.15167 245.98668 1.000000
83 234.90686 265.25867 1.000000
84 234.25204 264.3312 1.000000
85 234.46873 255.2514 1.000000
86 225.75558 250.89058 1.000000
87 217.46515 229.30725 1.000000
88 242.77814 241.83763 1.000000
89 245.86209 256.4703 1.000000
90 256.69888 230.46042 1.000000
91 242.06659 235.81403 1.000000
92 246.025 224.44733 1.000000
93 233.36983 261.81537 1.000000
94 214.35864 245.01483 1.000000
95 241.80188 251.27103 1.000000
96 245.45435 256.75977 1.000000
97 252.3511 225.96251 1.000000
98 265.17328 229.52878 1.000000
99 253.51042 229.86853 1.000000
100 251.52698 228.88632 1.000000
101 232.1272 238.79056 1.000000
102 242.08798 272.12952 1.000000
103 236.11816 245.36252 1.000000
104 227.27203 252.33243 1.000000
105 265.38638 229.11906 1.000000
106 248.34103 256.15067 1.000000
107 223.48383 248.0249 1.000000
108 199.61612 245.53726 1.000000
109 243.67001 270.742 1.000000
110 246.95638 256.73328 1.000000
111 237.73767 246.55344 1.000000
112 229.38333 265.8364 1.000000
113 234.89195 255.01523 1.000000
114 240.78366 257.2721 1.000000
115 249.68713 256.9104 1.000000
116 248.85793 256.1607 1.000000
117 247.84697 257.8691 1.000000
118 254.34006 229.7798 1.000000
119 255.8187 225.36037 1.000000
120 247.88103 227.59698 1.000000
121 223.1904 250.8764 1.000000
122 200.78033 246.12885 1.000000
123 239.1398 270.94705 1.000000
124 233.78717 260.47137 1.000000
125 236.34134 237.4144 1.000000
126 250.24434 256.6178 1.000000
127 257.22363 227.53131 1.000000
128 240.34818 218.89993 1.000000
129 234.11531 259.07596 1.000000
130 244.69469 256.76556 1.000000
131 242.17804 254.00343 1.000000
132 224.7744 247.93005 1.000000
133 236.38615 224.0217 1.000000
134 229.05399 265.59772 1.000000
135 243.66231 255.17764 1.000000
136 246.3349 268.32532 1.000000
137 233.1142 258.31818 1.000000
138 244.36801 256.48022 1.000000
139 242.43591 234.88687 1.000000
140 208.51901 231.56026 1.000000
141 242.46725 252.86296 1.000000
142 244.50662 255.32556 1.000000
143 247.16243 255.9595 1.000000
144 210.04065 244.30276 1.000000
145 244.38402 257.06277 1.000000
146 245.55264 228.85396 1.000000
147 225.14438 260.17758 1.000000
148 242.9393 235.52783 1.000000
149 242.63672 247.4892 1.000000
150 210.33476 235.86539 1.000000
151 247.24248 226.18454 1.000000
152 244.21747 255.83636 1.000000
153 257.60626 226.40755 1.000000
154 238.39362 244.4567 1.000000
155 236.61116 268.2501 1.000000
156 225.15126 248.90646 1.000000
157 221.60706 247.44217 1.000000
158 259.0931 228.2859 1.000000
159 261.66956 232.2139 1.000000
160 232.50146 244.6817 1.000000
161 225.91086 251.00401 1.000000
162 249.4517 256.77863 1.000000
163 233.30779 263.502 1.000000
164 224.87538 248.58524 1.000000
165 208.04953 221.39355 1.000000
166 234.82828 265.83594 1.000000
167 251.35545 232.81702 1.000000
168 258.64847 238.19876 1.000000
169 223.36752 247.84511 1.000000
170 247.99103 256.56635 1.000000
171 213.49564 240.97687 1.000000
172 245.66013 256.3406 1.000000
173 229.61964 274.6812 1.000000
174 228.23581 269.67047 1.000000
175 207.43338 250.67838 1.000000
176 243.57831 233.27673 1.000000
177 241.5838 248.76562 1.000000
178 207.19067 222.85999 1.000000
179 224.59616 251.23691 1.000000
180 251.36823 225.56595 1.000000
181 251.76567 234.9767 1.000000
182 229.0665 242.59265 1.000000
183 245.5357 222.64856 1.000000
184 215.96573 245.78989 1.000000
185 243.0924 243.30003 1.000000
186 237.66693 258.42062 1.000000
187 254.40518 255.46997 1.000000
188 235.62317 221.61414 1.000000
189 251.84071 232.42224 1.000000
190 244.16153 256.5539 1.000000
191 235.2481 221.83163 1.000000
192 205.51907 244.65402 1.000000
193 241.3159 219.78311 1.000000
194 225.71594 239.65854 1.000000
195 216.98955 254.46165 1.000000
196 237.37045 216.96774 1.000000
197 265.89444 229.01852 1.000000
198 198.4404 245.79697 1.000000
199 207.7288 224.92169 1.000000
200 217.09755 246.01727 1.000000
201 231.72217 265.91766 1.000000
202 238.19649 226.17276 1.000000
203 198.2876 245.19173 1.000000
204 235.85602 221.73639 1.000000
205 233.62741 263.8584 1.000000
206 248.96744 226.84445 1.000000
207 266.8274 229.82346 1.000000
208 246.29309 223.54974 1.000000
209 244.98587 256.79486 1.000000
210 242.85637 240.44388 1.000000
211 220.61278 250.58447 1.000000
212 257.64743 243.68057 1.000000
213 237.90901 247.69922 1.000000
214 213.4271 223.67639 1.000000
215 235.19298 258.86023 1.000000
216 229.15793 265.59116 1.000000
217 241.3874 233.0282 1.000000
218 241.35416 260.32922 1.000000
219 250.3995 224.56519 1.000000
220 241.6814 243.35919 1.000000
221 235.22693 234.4714 1.000000
222 240.5162 265.2494 1.000000
223 215.39919 226.46744 1.000000
224 244.68222 221.64429 1.000000
225 246.91518 224.05212 1.000000
226 231.68262 260.39658 1.000000
227 234.51202 265.5907 1.000000
228 208.2073 244.04312 1.000000
229 223.34692 247.79742 1.000000
230 236.10184 249.49767 1.000000
231 234.24951 257.0615 1.000000
232 247.57137 239.66217 1.000000
233 234.39914 233.56172 1.000000
234 250.49051 231.10767 1.000000
235 241.40544 231.75119 1.000000
236 226.72754 252.06856 1.000000
237 238.97382 219.42099 1.000000
238 203.79965 245.0217 1.000000
239 236.49078 243.79356 1.000000
240 250.44012 256.3152 1.000000
241 222.52435 247.69678 1.000000
242 232.7681 235.18634 1.000000
243 230.13873 265.90982 1.000000
244 243.49496 257.11792 1.000000
245 236.7103 218.60953 1.000000
246 219.14258 248.46893 1.000000
247 218.65216 246.43974 1.000000
248 229.31702 265.45892 1.000000
249 233.90033 250.31152 1.000000
250 223.61307 250.49402 1.000000
251 259.3202 232.3163 1.000000
252 265.98596 229.11478 1.000000
253 249.72273 256.30518 1.000000
254 242.81273 271.53143 1.000000
255 237.00166 240.54321 1.000000
256 258.05707 227.75394 1.000000
257 248.9739 256.22723 1.000000
258 246.71524 227.25479 1.000000
259 212.50824 238.5604 1.000000
260 247.75407 226.46082 1.000000
261 241.98901 220.40227 1.000000
262 246.59793 223.47942 1.000000
263 241.3009 219.97359 1.000000
264 244.65012 226.44934 1.000000
265 232.6959 265.97128 1.000000
266 213.28339 244.93094 1.000000
267 243.94974 256.89224 1.000000
268 246.52998 226.92593 1.000000
269 224.06354 247.854 1.000000
270 255.74796 226.98827 1.000000
271 234.87701 265.76764 1.000000
272 256.01767 231.84558 1.000000
273 243.98358 256.77957 1.000000
274 235.40514 265.86508 1.000000
275 245.58401 231.07016 1.000000
276 263.74408 230.96796 1.000000
277 240.27731 240.47095 1.000000
278 196.67796 244.05579 1.000000
279 240.98091 230.19812 1.000000
280 206.97113 227.58295 1.000000
281 245.80411 226.58621 1.000000
282 233.2132 265.86096 1.000000
283 226.5899 251.83429 1.000000
284 211.88402 244.8136 1.000000
285 199.25285 247.11887 1.000000
286 242.0327 256.75208 1.000000
287 209.92993 220.64116 1.000000
288 239.00766 226.52101 1.000000
289 225.28412 249.54568 1.000000
290 240.13687 252.51154 1.000000

"Tracker0003"
1
290
0 186.351 229.2164 1.000000
1 172.60596 225.68762 1.000000
2 181.89343 267.35132 1.000000
3 171.93219 257.21417 1.000000
4 170.3611 257.42575 1.000000
5 178.46193 240.7945 1.000000
6 191.45163 255.8724 1.000000
7 186.45424 254.60779 1.000000
8 143.32684 235.02655 1.000000
9 184.64424 254.39365 1.000000
10 149.65091 238.10396 1.000000
11 172.88763 248.13885 1.000000
12 191.0653 262.84827 1.000000
13 181.0568 229.72948 1.000000
14 176.80475 232.18216 1.000000
15 191.00546 256.09155 1.000000
16 161.29947 224.14902 1.000000
17 150.21931 239.34439 1.000000
18 183.24467 233.55698 1.000000
19 184.67422 229.73648 1.000000
20 146.81995 238.04642 1.000000
21 193.20088 258.7478 1.000000
22 186.91971 255.42651 1.000000
23 161.9834 241.28513 1.000000
24 196.621 249.82076 1.000000
25 179.6711 253.96341 1.000000
26 183.20496 231.34288 1.000000
27 179.35555 225.53848 1.000000
28 144.91858 235.56534 1.000000
29 169.1845 253.89569 1.000000
30 199.91983 230.92749 1.000000
31 163.02301 251.00806 1.000000
32 185.82182 254.54745 1.000000
33 184.35336 240.88492 1.000000
34 196.44464 238.26132 1.000000
35 176.23407 221.78023 1.000000
36 163.11047 227.96072 1.000000
37 190.77266 255.8179 1.000000
38 185.17815 238.23502 1.000000
39 173.5076 223.28082 1.000000
40 170.83 254.88916 1.000000
41 186.27151 254.9759 1.000000
42 185.86656 255.25848 1.000000
43 177.28992 223.81863 1.000000
44 185.51477 253.7734 1.000000
45 166.54878 244.77681 1.000000
46 185.1158 255.34283 1.000000
47 186.40472 228.266 1.000000
48 196.97418 227.28459 1.000000
49 203.44 234.81958 1.000000
50 187.3961 228.28656 1.000000
51 183.68657 254.94196 1.000000
52 165.58005 241.43909 1.000000
53 171.81944 253.91318 1.000000
54 182.72263 254.49927 1.000000
55 184.72894 227.87067 1.000000
56 185.44687 254.50699 1.000000
57 190.59091 233.58911 1.000000
58 174.20172 258.29333 1.000000
59 154.60506 212.99626 1.000000
60 190.68207 255.97922 1.000000
61 178.27287 225.17471 1.000000
62 171.1673 227.88263 1.000000
63 185.39714 253.97403 1.000000
64 174.61966 257.62027 1.000000
65 175.80226 262.24594 1.000000
66 155.47171 234.99442 1.000000
67 181.60077 235.99881 1.000000
68 154.51982 242.09135 1.000000
69 173.37082 265.8146 1.000000
70 184.84215 231.47874 1.000000
71 179.14621 259.53366 1.000000
72 184.90053 226.44235 1.000000
73 185.79904 254.80846 1.000000
74 185.45421 225.05762 1.000000
75 173.99171 234.61047 1.000000
76 162.33966 243.19196 1.000000
77 199.75699 234.29495 1.000000
78 174.41791 224.90213 1.000000
79 141.17133 234.49744 1.000000
80 174.11594 258.54855 1.000000
81 152.00174 240.21411 1.000000
82 157.12755 237.35904 1.000000
83 173.95573 257.45294 1.000000
84 173.21942 256.5371 1.000000
85 173.27866 245.72714 1.000000
86 166.46895 245.07642 1.000000
87 158.89484 220.46521 1.000000
88 184.61696 235.4667 1.000000
89 186.9459 254.6801 1.000000
90 192.38559 235.17352 1.000000
91 184.4114 227.33958 1.000000
92 184.98335 225.11264 1.000000
93 171.00655 255.05109 1.000000
94 157.10294 239.24559 1.000000
95 183.46275 247.31482 1.000000
96 186.3559 255.08582 1.000000
97 193.9328 226.13383 1.000000
98 206.55746 234.84216 1.000000
99 187.58546 233.59976 1.000000
100 186.96393 231.54391 1.000000
101 174.59634 227.77348 1.000000
102 183.55124 267.8525 1.000000
103 175.14737 240.41193 1.000000
104 167.2558 244.98657 1.000000
105 206.53662 235.07045 1.000000
106 188.86234 255.595 1.000000
107 165.51779 242.50946 1.000000
108 142.00128 234.35532 1.000000
109 185.74707 267.24823 1.000000
110 188.12924 255.28885 1.000000
111 176.32907 243.24167 1.000000
112 170.88727 256.54504 1.000000
113 172.24878 250.37262 1.000000
114 181.42119 254.39969 1.000000
115 190.93285 255.80466 1.000000
116 189.33205 255.25568 1.000000
117 191.16032 256.00876 1.000000
118 188.1709 234.46515 1.000000
119 198.99902 224.66025 1.000000
120 184.70598 227.21713 1.000000
121 163.28665 244.05107 1.000000
122 144.39272 238.93951 1.000000
123 179.93347 265.36856 1.000000
124 171.09195 254.46507 1.000000
125 178.22469 225.2279 1.000000
126 190.99036 256.13312 1.000000
127 198.45969 227.53555 1.000000
128 174.11731 225.25513 1.000000
129 171.23228 253.72052 1.000000
130 185.83096 254.25742 1.000000
131 184.1501 251.49088 1.000000
132 166.0608 242.35568 1.000000
133 172.6855 229.13058 1.000000
134 170.57668 256.5444 1.000000
135 184.62442 252.67235 1.000000
136 188.0054 265.7103 1.000000
137 172.43753 249.47238 1.000000
138 185.37157 253.99258 1.000000
139 184.70267 226.62485 1.000000
140 149.19754 223.09665 1.000000
141 184.03223 249.7261 1.000000
142 186.77998 254.3555 1.000000
143 188.03008 254.73099 1.000000
144 152.93742 238.18689 1.000000
145 185.56602 254.46368 1.000000
146 184.59557 228.66008 1.000000
147 166.11221 253.5156 1.000000
148 182.59859 234.42906 1.000000
149 184.31871 242.70366 1.000000
150 149.59964 226.98303 1.000000
151 184.4581 226.11877 1.000000
152 186.61835 254.00882 1.000000
153 199.61392 226.48325 1.000000
154 177.88373 240.37306 1.000000
155 177.39859 262.73743 1.000000
156 165.83675 242.21686 1.000000
157 163.75267 242.09471 1.000000
158 199.3301 228.65825 1.000000
159 197.66208 238.5791 1.000000
160 171.82137 238.35773 1.000000
161 166.51465 244.2313 1.000000
162 190.31377 255.98709 1.000000
163 171.21051 255.76129 1.000000
164 166.1896 241.66928 1.000000
165 151.32089 214.24835 1.000000
166 174.31683 258.2323 1.000000
167 188.30878 235.101 1.000000
168 198.60834 238.45383 1.000000
169 165.47757 242.84619 1.000000
170 189.0495 255.36188 1.000000
171 153.35048 232.37085 1.000000
172 186.44035 254.45059 1.000000
173 171.27293 265.46472 1.000000
174 170.60034 261.5365 1.000000
175 148.46477 238.73853 1.000000
176 182.57062 232.57718 1.000000
177 183.30222 244.64517 1.000000
178 149.71957 215.52463 1.000000
179 165.55743 244.4923 1.000000
180 194.10632 226.32138 1.000000
181 194.04698 232.15494 1.000000
182 168.91992 235.80414 1.000000
183 180.20813 227.66956 1.000000
184 158.34055 240.25719 1.000000
185 184.42162 238.58698 1.000000
186 177.73714 254.64279 1.000000
187 194.90453 253.70305 1.000000
188 170.6597 227.23683 1.000000
189 190.64714 235.59764 1.000000
190 185.1699 254.323 1.000000
191 170.53166 227.55121 1.000000
192 147.86353 237.43492 1.000000
193 175.30157 226.49037 1.000000
194 165.87866 231.93216 1.000000
195 158.5141 245.58218 1.000000
196 173.47101 222.64899 1.000000
197 206.89352 234.88078 1.000000
198 141.03171 234.62958 1.000000
199 149.90338 217.29663 1.000000
200 159.84048 240.28899 1.000000
201 172.45316 257.019 1.000000
202 174.50275 230.67543 1.000000
203 141.58025 238.6223 1.000000
204 170.64235 227.58289 1.000000
205 171.96078 256.02417 1.000000
206 186.09799 228.52072 1.000000
207 205.56168 235.1153 1.000000
208 180.75647 228.17355 1.000000
209 186.1603 254.71768 1.000000
210 184.7239 233.67499 1.000000
211 160.1965 241.89842 1.000000
212 197.36304 244.10406 1.000000
213 181.06937 237.92586 1.000000
214 155.047 214.0167 1.000000
215 175.19485 254.5036 1.000000
216 170.72998 256.8125 1.000000
217 184.21832 223.86517 1.000000
218 182.39688 251.19022 1.000000
219 190.56876 224.55638 1.000000
220 181.43523 239.58206 1.000000
221 176.61562 222.4707 1.000000
222 180.99947 256.16086 1.000000
223 157.18369 217.16466 1.000000
224 179.73558 226.84962 1.000000
225 184.82314 224.79482 1.000000
226 172.86281 254.99799 1.000000
227 174.3322 257.83734 1.000000
228 151.14883 237.88617 1.000000
229 165.47719 242.38115 1.000000
230 174.09561 245.72319 1.000000
231 171.10577 252.51057 1.000000
232 188.93704 235.84914 1.000000
233 175.81432 221.89659 1.000000
234 185.57376 235.11896 1.000000
235 184.314 222.44788 1.000000
236 166.91507 244.89046 1.000000
237 173.3988 225.5891 1.000000
238 146.45828 237.11589 1.000000
239 179.55096 233.89131 1.000000
240 190.4353 255.94434 1.000000
241 164.66275 242.39476 1.000000
242 175.706 224.36536 1.000000
243 171.5018 256.78293 1.000000
244 184.75363 255.16476 1.000000
245 172.99352 223.82199 1.000000
246 158.67352 239.83539 1.000000
247 160.7096 240.95335 1.000000
248 170.91573 256.65018 1.000000
249 173.30605 239.99182 1.000000
250 164.45352 244.41154 1.000000
251 194.85292 237.18896 1.000000
252 202.03514 235.76344 1.000000
253 189.74619 255.83643 1.000000
254 184.15005 268.00958 1.000000
255 178.87115 228.08392 1.000000
256 198.64206 227.94824 1.000000
257 189.57607 255.55594 1.000000
258 183.99371 227.65874 1.000000
259 151.3738 230.14188 1.000000
260 182.65791 231.00378 1.000000
261 175.96022 226.75769 1.000000
262 181.5442 228.69504 1.000000
263 176.91995 225.74127 1.000000
264 183.8494 227.34976 1.000000
265 173.35358 257.48846 1.000000
266 156.12254 238.94003 1.000000
267 185.27396 254.04884 1.000000
268 185.16843 227.26872 1.000000
269 165.6149 242.21268 1.000000
270 197.03726 226.83176 1.000000
271 175.60709 260.32526 1.000000
272 196.45671 234.33432 1.000000
273 185.09601 254.25375 1.000000
274 174.80988 258.1347 1.000000
275 184.08078 231.00208 1.000000
276 198.84198 237.9124 1.000000
277 179.61224 238.1846 1.000000
278 140.13982 236.84138 1.000000
279 184.07303 220.79886 1.000000
280 148.83228 218.79063 1.000000
281 185.05276 227.6247 1.000000
282 173.77168 257.13568 1.000000
283 167.236 244.57056 1.000000
284 154.74704 239.04831 1.000000
285 141.39944 233.99548 1.000000
286 183.17767 247.50061 1.000000
287 153.34169 213.18384 1.000000
288 174.87881 232.03041 1.000000
289 166.57022 242.98523 1.000000
290 182.69312 242.78435 1.000000

"Tracker0004"
1
290
0 160.69254 234.49672 1.000000
1 147.59875 230.31784 1.000000
2 157.36742 267.14105 1.000000
3 147.85822 256.57718 1.000000
4 146.93622 256.54877 1.000000
5 151.11665 244.01666 1.000000
6 166.13826 256.9289 1.000000
7 161.82983 256.579 1.000000
8 120.843475 233.35359 1.000000
9 159.99008 256.00317 1.000000
10 126.38175 237.27942 1.000000
11 145.09761 251.1059 1.000000
12 167.18881 263.90588 1.000000
13 155.65962 234.9134 1.000000
14 151.5944 237.55194 1.000000
15 166.15604 258.04364 1.000000
16 135.76093 224.83725 1.000000
17 126.3208 238.168 1.000000
18 157.14195 238.72664 1.000000
19 158.54095 230.66226 1.000000
20 124.06457 236.03943 1.000000
21 168.1752 261.02322 1.000000
22 161.80522 257.6349 1.000000
23 137.13551 241.63931 1.000000
24 171.60718 252.98785 1.000000
25 154.66109 255.88109 1.000000
26 157.25523 235.57486 1.000000
27 153.63516 230.47803 1.000000
28 122.10086 233.83942 1.000000
29 143.24869 254.81094 1.000000
30 173.77617 234.53969 1.000000
31 137.28772 250.79166 1.000000
32 160.58516 256.62897 1.000000
33 158.41814 242.33968 1.000000
34 170.62276 243.66075 1.000000
35 150.0365 222.08963 1.000000
36 137.29272 228.81334 1.000000
37 166.12866 258.12952 1.000000
38 159.21693 241.14597 1.000000
39 148.08415 228.45387 1.000000
40 143.93777 256.3701 1.000000
41 162.1872 256.46503 1.000000
42 161.13066 257.22546 1.000000
43 151.01735 224.13193 1.000000
44 160.65349 256.00372 1.000000
45 141.01671 245.6601 1.000000
46 160.17368 257.27673 1.000000
47 159.87482 232.77298 1.000000
48 171.84317 230.64194 1.000000
49 179.96179 239.69269 1.000000
50 160.81773 233.22104 1.000000
51 158.4244 257.08423 1.000000
52 141.25293 241.94879 1.000000
53 146.42728 255.01869 1.000000
54 157.59805 256.6856 1.000000
55 159.14212 232.39365 1.000000
56 160.59718 256.30304 1.000000
57 164.59845 239.15158 1.000000
58 148.10776 258.5246 1.000000
59 129.69992 213.61058 1.000000
60 165.71927 258.41287 1.000000
61 152.49304 230.18323 1.000000
62 146.55087 232.71202 1.000000
63 160.51431 255.9991 1.000000
64 149.9188 257.5893 1.000000
65 151.708 260.6634 1.000000
66 129.92441 235.58997 1.000000
67 154.45145 239.35486 1.000000
68 129.81468 241.52371 1.000000
69 148.78654 264.07303 1.000000
70 158.43414 232.52042 1.000000
71 154.04605 258.53574 1.000000
72 159.27109 231.54936 1.000000
73 161.01392 256.7056 1.000000
74 159.05405 229.45276 1.000000
75 146.76273 235.20868 1.000000
76 136.81046 243.57861 1.000000
77 174.11264 238.06866 1.000000
78 149.26036 230.0809 1.000000
79 119.04459 232.81715 1.000000
80 148.85481 258.79285 1.000000
81 127.57801 239.40323 1.000000
82 131.83698 237.83649 1.000000
83 147.88564 258.32916 1.000000
84 147.05533 257.42538 1.000000
85 146.7818 246.22482 1.000000
86 141.05295 245.85526 1.000000
87 133.3606 221.00711 1.000000
88 157.93387 236.78088 1.000000
89 162.80519 256.16882 1.000000
90 166.36624 240.61359 1.000000
91 158.34985 228.08376 1.000000
92 159.34772 229.61523 1.000000
93 143.52249 256.79794 1.000000
94 132.84644 239.06186 1.000000
95 157.98965 248.88171 1.000000
96 161.202 257.78186 1.000000
97 169.42044 230.2068 1.000000
98 183.07468 240.03873 1.000000
99 161.66689 239.16669 1.000000
100 161.05533 236.97943 1.000000
101 148.29471 228.28995 1.000000
102 159.33992 267.8643 1.000000
103 149.71132 242.52353 1.000000
104 141.80356 245.587 1.000000
105 183.08005 240.29825 1.000000
106 164.11609 258.01166 1.000000
107 140.9344 243.24585 1.000000
108 119.85892 232.57614 1.000000
109 162.93819 267.00934 1.000000
110 162.70195 257.5431 1.000000
111 148.81685 246.34991 1.000000
112 147.07886 255.82684 1.000000
113 144.42577 253.24986 1.000000
114 156.09116 256.57715 1.000000
115 165.96817 258.15033 1.000000
116 164.52069 257.69794 1.000000
117 165.64856 257.20288 1.000000
118 162.35602 240.22769 1.000000
119 174.18033 228.1899 1.000000
120 158.35297 231.36557 1.000000
121 137.92976 244.76381 1.000000
122 121.3637 237.58945 1.000000
123 154.47722 265.42612 1.000000
124 143.3506 256.6322 1.000000
125 152.07957 225.40346 1.000000
126 166.23633 258.27106 1.000000
127 173.3279 231.33871 1.000000
128 148.49315 230.77258 1.000000
129 143.38174 256.16757 1.000000
130 160.65057 256.55664 1.000000
131 159.24931 253.23929 1.000000
132 141.38943 243.28961 1.000000
133 147.8163 233.93243 1.000000
134 146.82005 255.82253 1.000000
135 160.36331 254.20412 1.000000
136 165.15933 265.74426 1.000000
137 146.5288 249.76099 1.000000
138 160.50064 256.06195 1.000000
139 158.44948 227.40695 1.000000
140 124.36255 223.46085 1.000000
141 158.76718 251.48564 1.000000
142 162.09877 256.55136 1.000000
143 163.41519 256.77658 1.000000
144 129.47127 237.60756 1.000000
145 160.86769 256.1443 1.000000
146 158.58826 233.03568 1.000000
147 139.971 253.7401 1.000000
148 155.74016 238.16762 1.000000
149 158.88193 243.9873 1.000000
150 124.149345 227.39172 1.000000
151 158.2541 230.44896 1.000000
152 161.99954 256.0492 1.000000
153 174.21436 230.16103 1.000000
154 152.75896 242.72797 1.000000
155 152.0537 262.90128 1.000000
156 141.2934 243.02036 1.000000
157 139.04909 242.86137 1.000000
158 174.19896 232.35942 1.000000
159 172.11888 244.17291 1.000000
160 146.44606 240.0164 1.000000
161 141.4068 244.99817 1.000000
162 165.28166 258.50717 1.000000
163 144.3182 257.06635 1.000000
164 141.46931 242.16245 1.000000
165 126.60533 215.02448 1.000000
166 149.1738 258.40253 1.000000
167 162.38184 239.90561 1.000000
168 172.85301 241.96213 1.000000
169 140.67577 243.77129 1.000000
170 163.61214 257.70547 1.000000
171 128.12714 232.93967 1.000000
172 162.17018 256.1749 1.000000
173 147.07278 264.23068 1.000000
174 146.7772 260.65125 1.000000
175 124.88793 237.29836 1.000000
176 156.75272 236.67175 1.000000
177 157.80539 246.23454 1.000000
178 124.7897 216.21033 1.000000
179 140.29723 245.32976 1.000000
180 170.44234 230.05563 1.000000
181 168.34558 235.51392 1.000000
182 143.22531 237.17305 1.000000
183 154.62991 232.77728 1.000000
184 133.7527 240.17966 1.000000
185 158.02539 240.10117 1.000000
186 152.43248 256.36237 1.000000
187 170.09702 256.27405 1.000000
188 145.63278 232.24953 1.000000
189 165.69174 240.28568 1.000000
190 160.28813 256.46753 1.000000
191 145.89058 232.51747 1.000000
192 124.50709 236.21613 1.000000
193 150.05322 232.04169 1.000000
194 140.21144 232.72476 1.000000
195 133.413 245.23164 1.000000
196 148.1094 227.66788 1.000000
197 183.37482 240.08894 1.000000
198 118.94802 232.93588 1.000000
199 124.965096 218.01323 1.000000
200 135.53882 240.42697 1.000000
201 148.13963 256.45514 1.000000
202 149.38968 235.50766 1.000000
203 118.99227 237.31084 1.000000
204 145.54471 232.66013 1.000000
205 145.4075 256.9616 1.000000
206 160.09877 233.48083 1.000000
207 180.8099 240.42749 1.000000
208 155.07428 233.27383 1.000000
209 160.94373 257.37152 1.000000
210 158.21432 234.8569 1.000000
211 134.68921 242.26703 1.000000
212 171.98508 247.47787 1.000000
213 154.75491 238.30557 1.000000
214 129.61427 214.45074 1.000000
215 150.00586 255.93936 1.000000
216 146.82251 256.27292 1.000000
217 158.43237 224.43774 1.000000
218 156.43335 251.43129 1.000000
219 165.44978 228.67056 1.000000
220 155.8044 242.2355 1.000000
221 150.37807 222.7951 1.000000
222 155.10883 256.1156 1.000000
223 131.64114 217.68759 1.000000
224 153.91199 232.02713 1.000000
225 158.90318 229.21689 1.000000
226 147.05887 255.41965 1.000000
227 149.62805 257.79764 1.000000
228 127.808685 237.17213 1.000000
229 140.81578 243.06267 1.000000
230 146.51779 248.82211 1.000000
231 143.40958 255.41713 1.000000
232 162.81326 239.04063 1.000000
233 149.75096 222.40408 1.000000
234 159.49217 240.42035 1.000000
235 158.36212 222.99316 1.000000
236 141.9 245.57814 1.000000
237 148.09044 230.90402 1.000000
238 123.505844 235.82376 1.000000
239 153.15552 234.4054 1.000000
240 165.52243 258.41217 1.000000
241 139.9332 243.16266 1.000000
242 149.43268 224.8536 1.000000
243 147.52414 256.2497 1.000000
244 159.44856 257.31152 1.000000
245 147.82648 228.68979 1.000000
246 133.35074 240.17133 1.000000
247 135.85121 241.37723 1.000000
248 146.96033 256.20966 1.000000
249 146.28917 240.66162 1.000000
250 139.2489 245.2103 1.000000
251 168.94795 242.65074 1.000000
252 176.89595 241.73135 1.000000
253 164.59781 258.33246 1.000000
254 160.54706 267.87164 1.000000
255 152.72662 228.09506 1.000000
256 173.63416 231.74335 1.000000
257 164.58371 257.92834 1.000000
258 158.28403 231.89209 1.000000
259 125.53443 230.75902 1.000000
260 156.44557 236.1128 1.000000
261 150.45564 232.32526 1.000000
262 155.81743 233.99484 1.000000
263 151.50851 230.8876 1.000000
264 158.47995 231.87604 1.000000
265 148.85057 257.2456 1.000000
266 132.1347 238.77713 1.000000
267 160.34912 255.88281 1.000000
268 159.56061 231.62772 1.000000
269 141.17513 242.98404 1.000000
270 172.55908 230.39786 1.000000
271 150.46654 260.5983 1.000000
272 171.5772 239.11804 1.000000
273 160.0523 256.48203 1.000000
274 149.135 258.8667 1.000000
275 158.08218 235.2687 1.000000
276 173.41167 243.63347 1.000000
277 152.64647 241.67023 1.000000
278 117.76363 235.43298 1.000000
279 158.23827 221.301 1.000000
280 124.13844 218.96718 1.000000
281 159.04329 232.02823 1.000000
282 149.18991 256.79556 1.000000
283 141.76491 245.03522 1.000000
284 131.0671 238.8768 1.000000
285 119.77675 232.28021 1.000000
286 156.33005 248.1455 1.000000
287 128.68347 213.94897 1.000000
288 149.96957 237.08652 1.000000
289 141.58826 243.81116 1.000000
290 156.1637 243.1904 1.000000

"Tracker0005"
1
290
0 202.92316 182.39674 1.000000
1 187.76476 178.07585 1.000000
2 204.98895 239.02441 1.000000
3 191.85939 226.20934 1.000000
4 189.2843 227.79358 1.000000
5 201.81216 198.27252 1.000000
6 213.43217 226.20432 1.000000
7 208.27913 219.92934 1.000000
8 161.96802 205.25378 1.000000
9 206.8793 220.07916 1.000000
10 166.70755 208.82355 1.000000
11 196.21817 205.13928 1.000000
12 212.32703 230.76009 1.000000
13 197.20624 182.26471 1.000000
14 190.76396 184.4658 1.000000
15 211.76392 222.15553 1.000000
16 182.58394 190.04858 1.000000
17 171.57837 210.30847 1.000000
18 198.91 184.02359 1.000000
19 210.58156 195.063 1.000000
20 166.5155 210.29431 1.000000
21 214.68544 222.3487 1.000000
22 208.0652 219.83057 1.000000
23 181.59567 209.13985 1.000000
24 216.84853 210.22597 1.000000
25 201.84044 219.60002 1.000000
26 203.55663 185.924 1.000000
27 194.30673 176.73894 1.000000
28 163.72302 206.49763 1.000000
29 193.0395 220.90427 1.000000
30 221.26308 189.44759 1.000000
31 185.44907 220.4216 1.000000
32 207.94405 218.9638 1.000000
33 208.34567 205.89105 1.000000
34 211.36038 190.6966 1.000000
35 201.82875 188.07231 1.000000
36 184.97836 193.68446 1.000000
37 211.44739 220.50833 1.000000
38 207.20816 200.70934 1.000000
39 187.84898 173.19897 1.000000
40 193.9865 217.88612 1.000000
41 207.4675 221.37206 1.000000
42 206.82962 220.56375 1.000000
43 202.46248 189.70807 1.000000
44 207.27132 218.57657 1.000000
45 187.95084 212.30305 1.000000
46 206.4274 220.60426 1.000000
47 206.35635 182.34573 1.000000
48 217.87895 186.89507 1.000000
49 218.72147 190.67174 1.000000
50 205.82379 181.2812 1.000000
51 205.20178 219.5958 1.000000
52 185.91425 210.14906 1.000000
53 195.47076 220.7899 1.000000
54 204.28468 219.21732 1.000000
55 203.1585 182.74365 1.000000
56 207.10126 220.03146 1.000000
57 205.98732 185.49248 1.000000
58 194.94547 226.149 1.000000
59 174.51706 179.97583 1.000000
60 211.14388 220.15675 1.000000
61 193.00848 175.89537 1.000000
62 184.82913 180.25497 1.000000
63 207.24417 218.92964 1.000000
64 194.61697 225.14073 1.000000
65 197.77023 233.45677 1.000000
66 175.93166 200.18939 1.000000
67 204.16058 193.33112 1.000000
68 176.48514 212.32239 1.000000
69 194.61972 236.89284 1.000000
70 210.25873 196.85542 1.000000
71 203.05176 229.36754 1.000000
72 201.80261 180.14252 1.000000
73 207.30966 219.66812 1.000000
74 206.64685 179.55328 1.000000
75 199.68765 199.17949 1.000000
76 184.00916 210.39127 1.000000
77 220.1439 191.81216 1.000000
78 189.81479 175.27722 1.000000
79 160.1535 204.61179 1.000000
80 194.46687 224.29189 1.000000
81 174.0303 210.47107 1.000000
82 177.73311 203.18332 1.000000
83 194.65836 221.61836 1.000000
84 194.30571 220.87668 1.000000
85 198.14099 211.78401 1.000000
86 187.51923 212.66524 1.000000
87 180.23283 186.41414 1.000000
88 209.6777 200.4085 1.000000
89 207.78537 221.56616 1.000000
90 208.03058 187.43822 1.000000
91 210.1769 193.51521 1.000000
92 204.83514 179.43521 1.000000
93 194.66473 216.17194 1.000000
94 175.6721 208.68468 1.000000
95 205.68896 213.6049 1.000000
96 207.67755 218.73172 1.000000
97 212.61736 185.32431 1.000000
98 221.56567 190.93822 1.000000
99 204.1903 185.85027 1.000000
100 203.73808 184.63293 1.000000
101 199.31229 193.7545 1.000000
102 206.30643 239.42113 1.000000
103 197.16687 204.3498 1.000000
104 189.58472 212.84749 1.000000
105 221.39044 190.84927 1.000000
106 209.68011 219.73035 1.000000
107 185.09995 210.58026 1.000000
108 160.62695 204.20885 1.000000
109 207.65057 240.0599 1.000000
110 209.51772 219.83282 1.000000
111 199.69412 200.65955 1.000000
112 190.5801 225.83925 1.000000
113 195.76599 207.5194 1.000000
114 203.25446 219.10294 1.000000
115 212.01254 220.47784 1.000000
116 210.21603 219.33511 1.000000
117 212.871 225.67407 1.000000
118 204.06296 185.75081 1.000000
119 219.14746 184.30034 1.000000
120 205.96991 182.18555 1.000000
121 184.18427 211.66785 1.000000
122 162.3006 210.66528 1.000000
123 203.2848 234.89432 1.000000
124 194.94452 214.3133 1.000000
125 203.34912 191.80478 1.000000
126 211.40353 221.91602 1.000000
127 218.80917 185.22656 1.000000
128 188.6789 174.226 1.000000
129 195.06937 212.42657 1.000000
130 207.7909 218.62973 1.000000
131 205.64218 218.12148 1.000000
132 185.2832 210.70976 1.000000
133 186.64822 181.99205 1.000000
134 190.06503 225.75253 1.000000
135 206.39735 219.03484 1.000000
136 209.27771 237.16623 1.000000
137 195.72934 217.21747 1.000000
138 207.27002 218.78717 1.000000
139 211.26035 191.97379 1.000000
140 168.59442 188.8896 1.000000
141 206.16214 215.57422 1.000000
142 206.01431 219.50644 1.000000
143 209.17398 219.88797 1.000000
144 170.99078 209.23305 1.000000
145 207.28047 220.39523 1.000000
146 205.11166 183.18634 1.000000
147 189.0115 221.96928 1.000000
148 205.05878 191.04199 1.000000
149 207.7323 208.72327 1.000000
150 169.98483 191.52391 1.000000
151 205.39005 180.9169 1.000000
152 205.8428 219.03583 1.000000
153 220.04155 185.68015 1.000000
154 199.13922 204.76102 1.000000
155 199.38176 232.17638 1.000000
156 186.78181 210.02249 1.000000
157 182.90408 209.67796 1.000000
158 218.85773 187.57475 1.000000
159 212.35043 191.43428 1.000000
160 194.16426 202.90309 1.000000
161 187.90987 212.38611 1.000000
162 211.2329 219.94603 1.000000
163 194.00851 218.84045 1.000000
164 186.39435 210.46722 1.000000
165 169.65117 180.72704 1.000000
166 194.56108 224.4368 1.000000
167 206.0762 189.25662 1.000000
168 219.68736 196.72293 1.000000
169 184.22781 210.45451 1.000000
170 210.26518 219.85004 1.000000
171 173.4172 197.48401 1.000000
172 207.92184 220.54051 1.000000
173 190.80443 235.78262 1.000000
174 189.46196 231.50658 1.000000
175 170.09492 209.37775 1.000000
176 203.0824 187.79529 1.000000
177 205.63821 210.69373 1.000000
178 168.1643 181.66272 1.000000
179 186.57141 212.57962 1.000000
180 211.95015 184.85205 1.000000
181 215.70273 192.24069 1.000000
182 190.55185 201.46843 1.000000
183 196.28545 178.12688 1.000000
184 176.74739 209.04056 1.000000
185 208.97733 202.80923 1.000000
186 200.2699 220.16507 1.000000
187 216.10724 216.63339 1.000000
188 184.54788 177.88412 1.000000
189 207.36047 190.2024 1.000000
190 207.06213 218.93387 1.000000
191 184.2696 178.87962 1.000000
192 165.37599 207.65572 1.000000
193 189.44911 176.02747 1.000000
194 187.74423 198.32999 1.000000
195 180.93845 215.3847 1.000000
196 188.2702 173.03448 1.000000
197 221.75014 190.51439 1.000000
198 159.25804 203.87051 1.000000
199 168.66714 183.49799 1.000000
200 178.14584 209.67102 1.000000
201 192.50517 225.80795 1.000000
202 189.70627 183.44125 1.000000
203 158.18939 209.39426 1.000000
204 184.54523 177.95506 1.000000
205 194.08334 220.07521 1.000000
206 204.27689 181.94348 1.000000
207 221.83182 190.3592 1.000000
208 196.91693 178.55441 1.000000
209 207.51291 218.78099 1.000000
210 209.94992 198.68948 1.000000
211 181.86761 208.60876 1.000000
212 217.72931 203.53271 1.000000
213 204.88205 204.1694 1.000000
214 176.28293 180.1416 1.000000
215 198.0136 220.98663 1.000000
216 189.98581 225.42331 1.000000
217 210.16583 190.60606 1.000000
218 207.9079 217.0892 1.000000
219 209.26785 183.03094 1.000000
220 202.78418 203.25471 1.000000
221 202.09326 188.42548 1.000000
222 205.91785 223.07877 1.000000
223 178.47504 183.20532 1.000000
224 195.28217 177.30588 1.000000
225 205.12604 179.33516 1.000000
226 193.30872 222.56471 1.000000
227 194.3017 225.02255 1.000000
228 168.97827 208.57124 1.000000
229 184.70169 210.73666 1.000000
230 197.15778 202.73926 1.000000
231 194.28244 209.80225 1.000000
232 211.05197 196.79395 1.000000
233 200.97382 187.7428 1.000000
234 202.32439 186.15305 1.000000
235 210.60555 189.1045 1.000000
236 188.89575 212.98634 1.000000
237 187.65686 175.4346 1.000000
238 164.0648 207.50638 1.000000
239 203.44441 199.15591 1.000000
240 210.92389 219.83163 1.000000
241 184.00684 209.97093 1.000000
242 200.54404 190.2911 1.000000
243 191.2261 225.95375 1.000000
244 206.25562 219.99614 1.000000
245 188.01761 174.87386 1.000000
246 179.97327 206.24615 1.000000
247 179.68314 208.5683 1.000000
248 190.23978 225.19286 1.000000
249 198.48654 205.26596 1.000000
250 184.82889 212.15282 1.000000
251 210.19183 189.55101 1.000000
252 216.7246 188.9152 1.000000
253 210.31506 219.67403 1.000000
254 206.57895 240.39246 1.000000
255 204.08627 194.92236 1.000000
256 218.75082 185.50206 1.000000
257 210.50073 219.94931 1.000000
258 203.52477 183.00699 1.000000
259 172.09244 194.28815 1.000000
260 199.51492 181.20218 1.000000
261 190.69464 175.73389 1.000000
262 197.27788 179.32733 1.000000
263 191.23137 176.5513 1.000000
264 201.9294 182.51517 1.000000
265 193.24979 225.36417 1.000000
266 174.43466 209.00507 1.000000
267 207.23077 219.55783 1.000000
268 204.89691 181.4693 1.000000
269 184.81497 211.0073 1.000000
270 216.76544 185.85617 1.000000
271 196.33118 229.8668 1.000000
272 213.91238 190.76091 1.000000
273 207.09326 218.78952 1.000000
274 195.28442 222.9932 1.000000
275 204.72174 185.19165 1.000000
276 213.34909 190.23006 1.000000
277 202.40387 195.22112 1.000000
278 156.51323 206.79152 1.000000
279 210.19815 187.4831 1.000000
280 167.93588 185.79588 1.000000
281 203.92639 182.5369 1.000000
282 194.01682 225.54 1.000000
283 189.08228 212.89856 1.000000
284 172.28467 209.20563 1.000000
285 159.9273 204.85297 1.000000
286 208.53044 212.21413 1.000000
287 172.16595 180.17967 1.000000
288 188.44899 184.84294 1.000000
289 187.24283 211.11168 1.000000
290 207.55713 208.66151 1.000000
